350407
350047
250649
349240
349245
113044
370365
350036
334915
248734
113790
365222
315151
350404
349251
349203
329944
111426
218629
341826
392096
382650
347064
345770
350406
376563
347083
243880
392095
370376
244373
386525
368573
113784
367231
349257
236854
382651
110152
371109
368702
345763
364499
113780
240929
234360
244278
330963
342826
349253
347089
347465
220844
347077
244346
347091
345764
226875
315082
349222
112901
349242
230433
315093
349243
315085
237668
323592
315091
349207
336439
236171
363592
348123
374887
330911
349211
111361
244361
350033
349254
237789
367229
315098
113503
349202
250651
343271
370368
330919
113798
347080
237671
240276
394140
110489
365237
111163
349219
371060
349205
315152
372622
348125
243847
239856
349216
349248
349230
370371
363611
347066
248744
343275
250650
350043
347074
349218
112052
211535
347067
350403
250655
350048
113789
347071
113051
237565
315090
323951
347086
233639
349208
330971
348124
345777
345572
112058
368783
112378
335677
342684
250652
347063
237735
350045
347742
330923
347076
315086
371110
113054
113795
244252
248726
365235
315084
350034
363294
350060
350054
350417
219533
248723
237798
113783
113778
368703
248731
376566
364850
349232
111320
349911
113510
248727
113760
244270
111240
211536
363272
347070
235509
113514
112053
364858
349227
330920
350042
237736
347082
347079
349212
350026
342441
364848
382653
364849
383121
374910
368402
113807
112377
349909
345771
231945
315097
368323
349247
113509
347090
112379
334914
113794
237670
345775
349225
233734
237249
239855
347078
349250
112277
233866
364512
349215
230080
110469
365226
110564
233478
347470
345498
374746
244310
330958
250643
226593
347087
367232
248706
315087
113792
348122
335432
220367
330932
347062
112051
349210
237442
315094
237393
312992
347467
371362
366713
349236
345501
113767
382652
315096
343276
231919
349217
250648
348121
349239
349238
347471
370375
349228
330959
367227
244358
239059
349224
330931
345783
315154
315037
113776
228414
242963
110813
220845
349220
230434
234818
244368
349221
110413
364856
345767
113801
248740
347065
248738
392092
345364
315153
230136
349201
113501
347468
367655
330910
112050
335097
234604
113572
350029
364846
349234
113038
350410
237734
364498
362316
383162
367226
315088
244367
330980
113786
250653
330935
350416
347068
347060
349910
364500
350409
359309
370369
347054
347075
350035
349226
347072
345774
347081
113800
364511
248746
347466
349214
250647
350053
350046
349241
315089
349237
345779
368364
349223
113806
248698
347464
350025
343095
349233
113056
363291
358585
349255
370370
250646
347085
349252
111369
330909
370373
347088
112059
113028
349246
349206
312993
382649
349204
229236
364851
349244
250644
345778
312991
345765
236852
113788
330979
349209
113043
244360
324669
350405
364516
349213
349229
367230
110465
239853
376564
367228
345780
350408
347073
113055
330844
113773
113796
373450
330968
330924
349249
345768
236853
370374
113803
113787
347469
359306
384461
347069
345781
350050
315092
370129
240261
315083
239854
364506
234686
111428
113804
349235
248733
347743
334912
330972
342712
345769
239865
364859
111427
392091
248659
349231
349912
370372
315095
347061
237216
330877
113781
350052
383123
343120
113059
113505
113050
345773
349256
248747
370377
113791
223596
577150
565517
300363
362111
142443
303804
625573
400847
